15
   -1    5   -1   17   15   -1   11   -1   10   -1   10   18   -1   10    4
    5   -1   15    9   13   -1   20   14   14   18   10   19    8   15   14
   -1   15   -1   15   18   -1   13    7   -1    8    2   -1   -1    9    2
   17    9   15   -1    7   -1   10   -1   20   -1   13   -1   16   10   -1
   15   13   18    7   -1   -1   -1    2   19    5   13   15    7   -1   12
   -1   -1   -1   -1   -1   -1    2   15   15    4   -1   15    8   11   12
   11   20   13   10   -1    2   -1    8   -1   18    8    8   -1    8    9
   -1   14    7   -1    2   15    8   -1   11   10   12   -1   -1    5   20
   10   14   -1   20   19   15   -1   11   -1   -1    2   -1    7    4   11
   -1   18    8   -1    5    4   18   10   -1   -1   14   -1   -1    9    4
   10   10    2   13   13   -1    8   12    2   14   -1   18    5   12   14
   18   19   -1   -1   15   15    8   -1   -1   -1   18   -1   -1   10   -1
   -1    8   -1   16    7    8   -1   -1    7   -1    5   -1   -1    2   -1
   10   15    9   10   -1   11    8    5    4    9   12   10    2   -1   -1
    4   14    2   -1   12   12    9   20   11    4   14   -1   -1   -1   -1
